load_trained_model:1.4448015689849854[sec]
warm_up:13.118837594985962[sec]
predict:2.535158634185791[sec]
error_bound:24.658978939056396[sec]
finding_difference:0.002274751663208008[sec]
table_create:0.19452762603759766[sec]
replacing_based_on_frequency:0.009926795959472656[sec]
tatal_time:45.29053544998169[sec]