load_trained_model:1.5250842571258545[sec]
warm_up:11.522203922271729[sec]
predict:2.965841770172119[sec]
error_bound:4.531777620315552[sec]
finding_difference:0.0023729801177978516[sec]
table_create:0.20161223411560059[sec]
replacing_based_on_frequency:0.009306192398071289[sec]
tatal_time:23.266494512557983[sec]